CV on LASSO and get min tuning parameter
$glmnet.fit

Call:  glmnet(x = xtrain, y = ytrain, alpha = 1) 

        Df      %Dev    Lambda
  [1,]   0 0.000e+00 6.811e-03
  [2,]   3 5.616e-05 6.206e-03
  [3,]   4 1.435e-04 5.654e-03
  [4,]   6 2.410e-04 5.152e-03
  [5,]   8 3.726e-04 4.694e-03
  [6,]  14 5.220e-04 4.277e-03
  [7,]  23 7.647e-04 3.897e-03
  [8,]  29 1.047e-03 3.551e-03
  [9,]  42 1.366e-03 3.236e-03
 [10,]  50 1.703e-03 2.948e-03
 [11,]  55 2.030e-03 2.686e-03
 [12,]  65 2.323e-03 2.448e-03
 [13,]  74 2.613e-03 2.230e-03
 [14,]  82 2.891e-03 2.032e-03
 [15,]  87 3.139e-03 1.852e-03
 [16,]  95 3.369e-03 1.687e-03
 [17,]  98 3.569e-03 1.537e-03
 [18,] 103 3.745e-03 1.401e-03
 [19,] 104 3.894e-03 1.276e-03
 [20,] 110 4.023e-03 1.163e-03
 [21,] 113 4.135e-03 1.060e-03
 [22,] 116 4.231e-03 9.654e-04
 [23,] 121 4.314e-03 8.797e-04
 [24,] 125 4.385e-03 8.015e-04
 [25,] 129 4.448e-03 7.303e-04
 [26,] 132 4.499e-03 6.654e-04
 [27,] 135 4.551e-03 6.063e-04
 [28,] 135 4.606e-03 5.524e-04
 [29,] 137 4.659e-03 5.034e-04
 [30,] 142 4.704e-03 4.587e-04
 [31,] 144 4.741e-03 4.179e-04
 [32,] 146 4.782e-03 3.808e-04
 [33,] 148 4.820e-03 3.470e-04
 [34,] 148 4.856e-03 3.161e-04
 [35,] 149 4.893e-03 2.880e-04
 [36,] 150 4.927e-03 2.625e-04
 [37,] 151 4.955e-03 2.391e-04
 [38,] 152 4.980e-03 2.179e-04
 [39,] 153 5.000e-03 1.985e-04
 [40,] 154 5.019e-03 1.809e-04
 [41,] 154 5.036e-03 1.648e-04
 [42,] 154 5.048e-03 1.502e-04
 [43,] 153 5.060e-03 1.368e-04
 [44,] 153 5.070e-03 1.247e-04
 [45,] 157 5.078e-03 1.136e-04
 [46,] 157 5.086e-03 1.035e-04
 [47,] 157 5.094e-03 9.432e-05
 [48,] 159 5.097e-03 8.594e-05
 [49,] 160 5.105e-03 7.831e-05
 [50,] 161 5.108e-03 7.135e-05
 [51,] 163 5.115e-03 6.501e-05
 [52,] 163 5.118e-03 5.924e-05
 [53,] 162 5.121e-03 5.397e-05
 [54,] 162 5.123e-03 4.918e-05
 [55,] 162 5.126e-03 4.481e-05
 [56,] 163 5.128e-03 4.083e-05
 [57,] 164 5.131e-03 3.720e-05
 [58,] 165 5.133e-03 3.390e-05
 [59,] 165 5.136e-03 3.089e-05
 [60,] 166 5.142e-03 2.814e-05
 [61,] 166 5.146e-03 2.564e-05
 [62,] 165 5.150e-03 2.336e-05
 [63,] 166 5.153e-03 2.129e-05
 [64,] 167 5.155e-03 1.940e-05
 [65,] 167 5.158e-03 1.767e-05
 [66,] 168 5.159e-03 1.610e-05
 [67,] 168 5.162e-03 1.467e-05
 [68,] 168 5.163e-03 1.337e-05
 [69,] 168 5.164e-03 1.218e-05
 [70,] 168 5.166e-03 1.110e-05
 [71,] 168 5.167e-03 1.011e-05
 [72,] 168 5.168e-03 9.215e-06
 [73,] 168 5.169e-03 8.397e-06
 [74,] 168 5.170e-03 7.651e-06
 [75,] 168 5.171e-03 6.971e-06
 [76,] 168 5.172e-03 6.352e-06
 [77,] 168 5.173e-03 5.788e-06
 [78,] 168 5.174e-03 5.273e-06
 [79,] 168 5.174e-03 4.805e-06
 [80,] 169 5.175e-03 4.378e-06
 [81,] 169 5.176e-03 3.989e-06
 [82,] 169 5.177e-03 3.635e-06
 [83,] 169 5.178e-03 3.312e-06
 [84,] 169 5.178e-03 3.018e-06
 [85,] 169 5.179e-03 2.750e-06
 [86,] 169 5.180e-03 2.505e-06
 [87,] 169 5.180e-03 2.283e-06
 [88,] 169 5.181e-03 2.080e-06
 [89,] 169 5.182e-03 1.895e-06
 [90,] 169 5.182e-03 1.727e-06
 [91,] 169 5.183e-03 1.573e-06
 [92,] 169 5.183e-03 1.434e-06
 [93,] 169 5.184e-03 1.306e-06
 [94,] 169 5.184e-03 1.190e-06
 [95,] 169 5.185e-03 1.084e-06
 [96,] 169 5.186e-03 9.881e-07
 [97,] 169 5.186e-03 9.004e-07
 [98,] 169 5.187e-03 8.204e-07
 [99,] 169 5.187e-03 7.475e-07
[100,] 169 5.187e-03 6.811e-07

$lambda.min
[1] 0.006810838


Do LASSO using min tuning parameter then predict
          Length Class     Mode   
a0          1    -none-    numeric
beta      193    dgCMatrix S4     
df          1    -none-    numeric
dim         2    -none-    numeric
lambda      1    -none-    numeric
dev.ratio   1    -none-    numeric
nulldev     1    -none-    numeric
npasses     1    -none-    numeric
jerr        1    -none-    numeric
offset      1    -none-    logical
call        5    -none-    call   
nobs        1    -none-    numeric

Call:  glmnet(x = xtrain, y = ytrain, alpha = 1, lambda = cv.lambda) 

     Df %Dev   Lambda
[1,]  0    0 0.006811
       1         
 Min.   :0.5577  
 1st Qu.:0.5577  
 Median :0.5577  
 Mean   :0.5577  
 3rd Qu.:0.5577  
 Max.   :0.5577  

MSE
[1] 0.2481553
